11331
11938
131750
132574
132827
132899
132930
133320
133488
133668
133692
133994
135271
135752
136231
136367
136923
137156
138687
138749
138808
138915
139660
139789
140125
140155
140184
140208
140666
140787
140941
141333
141567
141803
141835
141836
141853
141875
142002
142062
142430
142519
146887
147186
147211
147287
147291
149181
149196
149197
149208
149242
149286
149434
150030
150036
150082
150091
150100
150604
150813
150860
151604
152149
152170
152192
152194
152327
152485
152486
17447
17994
197414
197450
197555
198375
198571
198578
198953
198981
199420
199598
199654
199785
200010
200373
200514
200593
200699
201249
201380
201572
201626
201813
202171
202267
202302
202306
202318
202383
202388
202425
202469
202470
202481
202511
202685
202822
202943
202960
202965
202972
203025
203120
203346
203624
203834
203950
203959
203999
204057
204428
204487
204490
204502
204552
204794
204868
204872
205083
205124
205301
205663
205770
205835
205884
205911
206005
206017
206068
206085
206127
206305
206340
206371
206413
206535
206552
206560
206582
206590
206622
206623
206644
206654
206728
206744
206750
206847
207088
207159
207238
207246
207566
207957
208198
208312
208485
209121
209309
209375
209396
209605
209737
209868
209883
209889
209896
209944
209945
209961
209963
209982
210027
210240
210369
210530
210546
210644
210756
210848
210919
210950
211121
211199
211238
211619
211659
211673
211720
211762
211849
211922
212017
212283
212448
212651
212666
212701
212867
213058
213137
213257
213354
213355
213371
213373
213389
213438
213511
213659
213676
213725
213790
213828
213889
213897
213921
213945
213992
214018
214059
214196
214231
214295
214351
214357
214472
214497
214717
214746
214799
214820
214860
214927
214940
214943
215117
215127
215176
215183
215310
215376
215420
215436
215460
215462
215476
215479
215720
215766
215826
215930
216240
216246
216341
22801
23865
24426
24567
25288
26561
266724
26701
27524
30490
32177
32558
327837
328095
328819
328958
329325
33993
34888
34985
35346
35624
35718
35830
37707
38149
38337
38946
39690
39720
398638
398741
398770
399979
400018
400171
400506
400992
401109
401110
401115
401116
401120
401616
40193
40403
40665
40963
41155
41171
41947
42192
42419
42505
42624
42694
42881
43094
43444
43463
43613
43668
43743
44208
44317
44386
44477
44589
44774
44801
45753
46664
47105
47500
47893
47926
47945
48090
48198
48589
48693
48974
49006
49042
49217
49418
49443
50138
50236
50308
50935
51045
51124
51246
51381
51396
51447
51490
53958
55748
56291
56873
57415
57509
57523
57678
57916
58349
58854
59425
59683
59753
59841
60581
6060
60842
61432
61879
62189
62281
62864
63881
64160
64425
6729
7411
7907
9164