11331
11938
131750
132574
132827
132930
133320
133488
133668
133692
133883
133994
135271
135752
136231
136367
136923
137156
138687
138749
138808
138915
139660
139789
140125
140155
140184
140208
140666
140787
140941
141333
141567
141803
141835
141836
141853
141875
142002
142062
142430
142519
146999
147186
147211
147291
149181
149197
149208
149242
149286
149434
150030
150036
150082
150091
150100
150604
150813
150860
151604
152149
152170
152192
152194
152327
152485
152486
153318
17447
197450
197555
198375
198427
198571
198578
198711
198953
199019
199420
199598
199654
200010
200373
200514
200593
200699
201249
201380
201572
201626
202171
202267
202302
202318
202383
202388
202425
202481
202685
202828
202972
203120
203168
203346
203959
203999
204057
204428
204487
204490
204502
204552
205083
205124
205663
205835
205911
206017
206068
206371
206728
207084
207429
207566
207787
208046
208198
208312
208485
209121
209605
209737
210240
210530
210546
210756
210950
211199
211238
211619
211720
211762
211849
211922
212283
212448
212496
212651
212867
213058
213257
213354
213371
213373
213389
213438
213676
213828
213889
213921
213945
213992
213999
214018
214059
214196
214231
214295
214318
214351
214472
214497
214746
214799
214820
214927
214940
214943
214961
215117
215127
215176
215208
215240
215310
215376
215420
215436
215460
215462
215476
215479
215720
215766
215789
215826
215854
215930
215998
216156
216240
216419
22801
23865
24426
24567
25288
26561
266724
26701
27524
30490
32177
32558
327814
327837
328095
328958
329325
34465
34888
34985
35624
35718
35830
37707
38149
38337
38946
395111
39720
39770
398638
398741
39900
399979
400018
400171
400506
400992
401109
401110
401115
401116
401120
40193
40403
40665
40963
41155
41947
42192
42419
42505
42624
42694
43072
43444
43463
43613
43668
43743
44317
44386
44774
44801
44853
46664
47757
47893
47926
47945
48198
48589
49042
49217
49316
50236
50308
50580
50935
51045
51124
51381
51396
51447
51490
55020
55748
56291
56873
57097
57415
57467
57509
57523
57678
58854
59425
59683
60424
6060
60707
60842
61302
61432
61879
62864
63881
64425
6517
6729
7411
9164