205835
207084
138687
401120
51381
62864
202318
24567
34888
44853
215127
26561
329325
213676
401109
43463
136367
147291
210848
215176
398638
150091
57467
41947
42419
22801
214497
212283
43613
398770
42192
146999
6729
141853
213992
47926
210919
200514
206371
400506
46664
61879
214472
140941
207566
401115
35830
150036
42505
211238
214231
213438
40193
40963
57523
215826
34465
23865
133488
150604
38337
59683
150100
9164
213945
131750
138808
47945
60842
214940
59425
213511
138749
216246
44317
214318
200373
328095
133883
57415
214799
147287
206017
327837
214820
210756
398741
38149
211849
210530
204487
215479
17447
141803
199598
208198
51490
7411
213371
211762
202383
214927
216156
149181
201626
149197
132930
44801
211922
200010
149242
149286
214961
51124
204552
213354
27524
152486
152192
198953
152485
44774
49217
42694
149208
207088
204490
213058
202685
215720
401110
216240
151604
215208
139789
214018
40665
210644
49042
207429
133668
64425
150082
215460
214351
133692
55020
61432
48198
202388
142519
40403
213828
51447
400171
153318
215420
205124
198375
201249
49316
152194
201380
48589
142062
202425
138915
32558
208046
35624
214295
132781
199654
140125
50935
215117
209121
43444
135271
215376
11331
47893
198571
215789
51396
132827
53958
136923
205663
211673
152327
210240
57509
199420
50236
211720
43743
203959
214943
401116
133994
140155
213389
63881
140666
60707
202171
152170
212651
57097
57678
400018
215476
24426
140208
132574
202972
141836
211619
213921
140184
395111
141875
50308
215436
210950
215310
208312
211121
206728
37707
150860
209737
142002
30490
208485
215930
55748
400992
61302
213889
204502
43668
202481
56873
202267
141567
48090
205911
212867
41155
38946
213373
35718
399979
136231
213257
34985
44386
150813
32177
197450
328958
141835
203120
207787
200593
202302
266724
214196
152149
140787
39720
6060
51045
137156
133320
201572
204057
200699
211199
147186
197555
135752
209605
206068
214059
42624
203346
150030
204428
215766
56291
58854
327814
25288
215462
147211
203999
205083
216419
149434
212448
11938
214746
198578
141333
26701
139660
142430
215240