152486
400171
213828
214820
199654
215720
152485
132827
51396
48974
198578
206085
206305
204502
140125
215789
202481
215420
213992
146999
215310
211238
9164
209868
141333
140184
42624
209982
210546
211121
215462
51124
202318
200373
35830
140666
401502
215127
215117
214231
43444
209944
58854
216246
211720
213438
206552
215826
41171
209889
142002
42192
147211
197555
208198
135752
149434
214351
327837
24567
200010
131750
215476
210240
215479
212651
211849
215436
7907
152170
204552
401115
136367
150030
26701
210919
202302
44774
149196
141836
136231
207246
27524
133994
398741
138808
199598
213676
328958
142062
206371
210756
206127
202171
34888
35624
215766
141803
142430
149286
50138
400992
209963
141567
401116
150604
202685
202469
206623
202943
200593
204057
209961
213389
206017
43613
202425
57097
46664
133320
25288
400018
149181
6729
213373
203025
132781
401616
140941
205124
49042
203959
17447
213257
149197
202822
206654
135271
214860
205884
206590
202960
43094
200514
206847
210530
208312
42881
150813
213921
206622
400506
40963
22801
43463
215176
399979
328095
152149
32558
56291
210848
205301
57415
207159
215376
150091
138915
47926
152194
203346
206068
398638
42419
211199
213355
50308
201813
149242
24426
205663
202388
206005
60581
209605
266724
329325
213354
213371
44317
202383
401120
210644
214940
47500
209309
203120
35346
401110
207084
213889
198953
132899
214196
152327
7411
41947
207238
202965
140208
61879
197450
50935
207046
215930
37707
206340
198571
205770
133692
204487
212867
202972
43668
206582
60458
214717
140787
141835
214799
61432
137156
197414
43743
206750
200699
150860
201572
212017
44386
214059
209121
150100
139789
198375
39720
214497
133668
206644
203950
201626
215460
204490
32177
209896
213622
208485
57523
49316
212283
42694
206744
203624
211922
401109
150082
214746
211762
201380
48198
209737
213790
142519
49217
48090
214295
56873
206560
139660
214927
30490
202511
136923
205835
62281
38337
147186
213511
150036
146887
23865
42505
211673
48589
40403
64425
38149
57509
153318
201249
211659
206535
132930
11938
209396
44801
11331
34985
214472
49443
138687
207566
210027
51045
51246
214018
210950
55020
209883
39690
204872
38946
205911
214943
59841
57678
204868
204428
51490
202267
152192
40665
141875
398770
51381
35718
132574
138749
13875
213137
44589
202470
57467
147291
212448
141853
199420
60842
49006
206728
149208
40193
212701
63881
41155
211619
209375
213058
213945
206413
34465
204794
62864
140155
47945
50236
47893
59683
203999
51447
6060
55748
59425
213659
207088
147287
151604
44853
133488
53958
214318
216240
26561
209945
57916
205083
210369
133883