214351
43613
63881
204490
399979
51447
141875
206340
214472
46664
216341
200514
59753
149242
200373
213355
215183
41171
149197
215789
204872
198981
198578
204868
215176
213622
136231
139660
206552
208198
211849
39690
43444
32177
57509
213659
149208
400992
205663
142430
206750
42624
25288
199654
204502
58349
38946
204552
40403
57916
140208
203120
55748
40665
151604
198375
61432
209737
210756
152486
205911
206535
206622
43463
206305
140666
45753
211659
57678
207159
203025
42881
206582
206744
147211
197414
401616
214717
398638
35830
40193
7411
211619
202685
150813
50138
202383
212283
201572
150100
50935
211720
201813
140941
147186
209889
213354
213725
400018
38149
11938
142519
401110
132899
207084
214231
214927
133692
213676
202511
135752
212867
43094
214318
41947
34465
327837
204794
212448
328958
51381
202388
147287
209961
214943
206413
138808
42694
6060
206017
213992
209375
214357
209945
209883
150091
208485
51045
213897
202965
133320
44801
211922
201380
59841
206371
202425
30490
214295
146999
11331
149286
401109
132574
139789
44208
213257
205884
43743
215376
204428
136367
215826
50236
48198
55020
215310
213511
141333
205301
210644
215479
62864
204487
213438
214018
209868
59683
215436
329325
203959
213889
51396
213921
214860
149196
23865
202306
32558
206728
140184
208312
212651
132930
197555
211673
146887
152327
215930
212017
150036
206085
34888
213371
43668
209896
26561
209121
147291
141567
211762
203346
215720
62189
33993
49443
213137
207238
210027
200593
141836
203999
60458
401502
213389
214820
210546
56291
60842
205083
48090
61879
214940
39720
214746
152149
328095
9164
328819
198953
209309
400171
141853
133488
35346
214497
22801
209396
7907
150082
210919
206644
203950
47926
206005
205835
206560
214196
40963
398741
206623
202470
200010
51246
202822
51490
37707
58854
51124
216240
199785
49418
213828
207088
202943
209605
212666
140787
48974
142062
213373
202171
34985
203834
48589
215127
215766
42505
152192
47105
141803
211238
47893
138749
24426
209982
210848
207046
150860
24567
48693
202481
152170
214059
207957
205770
202267
57523
204057
206654
135271
214799
41155
42192
62281
59425
202972
205124
210369
215460
137156
207566
56873
17994
44589
211121
141835
142002
401115
6729
44317
140125
401120
136923
216246
206847
140155
47945
49316
210240
206127
210530
215462
60581
42419
133668
49006
200699
57097
149181
150604
49217
210950
201249
215420
206590
57415
202469
35624
152194
44774
50308
398770
400506
199420
44386
197450
211199
201626
207246
266724
26701
212701
150030
131750
57467
133994
401116
213945
209963
202302
38337
209944
149434
206068
213058
213790
199598
202318
17447
49042
132827
44477
35718
27524
138687
138915
64425
53958
47500
64160
215476
198571
215117
202960
152485
203624