43668
60842
211673
149197
213438
202302
204502
215420
214746
149242
201380
138915
64425
41155
206068
42192
207088
56291
147186
215127
57523
400018
214196
11331
213921
133488
146999
215476
208198
140125
200373
51396
211922
140666
214927
207084
401115
215376
214018
132781
51490
47926
147211
199420
209605
202171
213945
57097
141875
42505
60707
214820
401110
49316
133883
198571
34888
132574
43743
398770
200010
26701
135752
214472
198578
140787
63881
133668
200699
57467
327814
139789
17447
214799
401109
199598
206371
215460
212867
215310
214943
150860
50935
142062
209121
211849
215117
395111
133994
202481
44317
149286
139660
151604
205124
211238
213373
24426
57509
24567
329325
211619
152327
27524
43613
57415
213354
149434
202685
204057
203168
328095
44386
198953
26561
140208
214351
210756
398741
138749
40665
398638
132930
215766
200514
43072
137156
215436
207566
39720
213889
205663
213371
58854
48198
215720
42624
46664
38337
399979
62864
200593
213257
215789
152192
208485
198375
197555
266724
149208
47757
133692
211762
150813
136367
49217
135271
25288
153318
51045
40963
147291
142002
204428
206728
198711
327837
201249
43463
213058
138808
214961
32177
211720
51447
132827
216156
400171
131750
207429
47945
59683
205911
44853
40193
152485
59425
202828
213389
214497
213992
138687
7411
199019
215462
40403
141803
203346
214059
50308
150082
48589
215930
140941
201626
205835
212651
204490
400506
215208
210530
44801
215240
47893
197450
30490
150030
216419
35624
150091
204552
11938
214231
152170
207787
6729
152486
141836
202318
212448
55748
22801
213828
136923
35830
213676
400992
43444
44774
141853
214295
133320
199654
208046
210240
55020
401116
34985
50236
211199
141333
23865
42419
49042
202972
215479
205083
328958
51381
149181
209737
61432
203959
61879
37707
51124
141835
56873
35718
215826
150100
140184
152149
216240
6060
57678
202267
38946
214318
142430
202388
202383
202425
61302
201572
206017
210950
204487
150036
34465
215176
9164
140155
53958
212283
214940
401120
203120
41947
141567
150604
152194
42694
203999
32558
136231
142519
208312
38149