209868
38337
210369
213790
38946
202318
214860
17994
202469
147287
213058
203950
206622
204872
210644
50236
140941
140184
328095
48198
138808
199598
200514
57523
44774
43668
11938
216246
211922
42505
150100
215479
203834
209963
214018
209961
49217
209883
211849
205083
202481
204057
22801
207084
202960
30490
24426
57678
141333
24567
204428
50935
142430
213438
133488
40403
200593
198578
206560
210027
6060
43444
207246
59753
61432
205301
215436
142002
206371
198571
43463
141803
211121
51124
64160
209605
209375
207566
398741
214820
17447
216341
58854
212283
208485
215766
62864
26701
59425
201626
200699
212448
62189
206413
214799
51381
212867
214231
210919
207088
214497
141853
210950
152486
215460
400992
50138
201813
41947
133668
64425
206005
206085
49316
51045
206590
132930
140208
213257
146999
204490
215117
63881
57467
51447
209945
214472
152170
34465
44801
202425
213659
210756
215720
47893
137156
203999
210530
43743
47105
202972
401116
41171
211199
60581
204868
214059
212017
212701
202302
205124
44386
214351
210546
202383
215826
150082
198953
213945
132899
328958
57916
7411
42624
57097
203624
215310
34888
206068
140125
139660
203346
206535
26561
150860
56291
50308
132574
401120
197555
327837
204794
203025
214940
210240
37707
214717
42881
206017
206340
214746
43613
203959
45753
213921
200373
213389
39720
398638
206127
198375
213355
205884
211659
149242
35718
47926
40963
206582
60458
150036
40665
150813
202388
40193
7907
41155
201572
56873
48974
204552
150604
133320
204487
197414
61879
200010
42694
136923
131750
209944
152194
211762
43094
201380
214943
147186
149286
213889
211673
51490
139789
400171
205835
32177
213373
150030
209121
135271
150091
138749
152485
205663
215476
35624
206644
62281
142519
135752
329325
47945
206750
202822
206305
149208
206847
152327
213992
206744
206728
328819
133692
149197
141567
46664
401616
209889
49006
199420
208312
51246
202511
38149
140155
208198
207238
211238
202470
149434
266724
48589
141836
34985
152149
399979
213354
39690
202965
149196
42192
138915
35346
401115
35830
204502
398770
57415
25288
216240
202171
401502
53958
213137
206552
201249
147211
207159
132827
215420
11331
215376
197450
47500
209396
152192
9164
205911
210848
202267
27524
136231
202685
212651
49042
215127
59683
203120
49443
209737
207046
209982
214295
213897
23865
215176
59841
48090
209309
141835
211720
58349
136367
214318
206623
206654
42419
6729
202943
205770
133994
400018
151604
401110
213622
215462
44589
57509
147291
209896
141875
213828
51396
44317
199654
211619
140787
149181
213725
146887
142062
400506
214196
140666
55748
214357
214927
60842
32558
213511
401109
48693
213676
215930
213371
202306
138687